Experiment Log
Z:\Data\2023\08Aug23\30\2_1x3N2_theta_m0p5_pi_expansion_check\ TIMELINE

8/30/2023 1:11:52 PM

Experiment Program Used:
Z:\Timeline\Analysis\2025_10_06_chiral_anyon_ramp\2025_10_06_chiral_anyon_ramp\chiral_anyon_ramp.vb

Batch Length:  
3

==========================
lattice1_max ,  lattice2_max ,  pinning_hold_time ,  red_freq ,  round_dimple_voltage ,  anticonfine_dur_vert ,  anticonfine_dur_horz ,  loading_walls_volt ,  loading_grad_ramp_dur ,  loading_grad_init ,  loading_grad_final ,  loading_grad_comp ,  loading_lattice_ramp_dur ,  loading_lattice2_low_depth ,  walls2_volt ,  grad_ramp_dur ,  quic_grad_init ,  quic_grad_final , lattice_ramp_dur ,  lattice2_low_depth ,  lattice_mod_ramp_dur ,  latticemod_amp_1 ,  latticemod_amp_2 ,  latticemod_amp_3 ,  mod_freq_Hz_1 ,  mod_freq_Hz_2 ,  mod_freq_Hz_3 ,   phase_ramp_dur ,  phase_pi_init ,  phase_pi_final ,  hold_dur ,  is_return ,  is_full_return ,  full_counting ,  doublon_splitting ,  stop_time ,  free_var ,  
--------------------------
45,  45,  1000,  17,  4.3,  40,  40,  2.7,  300,  4,  0.4,  0,  100,  4,  2.7,  350,  6.9,  6.52,  100,  10,  150,  0.2,  0.2,  0.2,  559,  833,  1107,  0,  0,  0,  0,  1,  0,  1,  0,  0,  0,  
45,  45,  1000,  18.5,  4.02,  40,  40,  0,  0,  0,  0,  0,  0,  45,  0,  0,  0,  0,  0,  45,  0,  0,  0,  0,  0,  0,  0,  0,  0,  0,  0,  0,  0,  0,  0,  0,  0, 
45,  45,  1000,  18.3,  3.85,  0,  40,  0,  0,  0,  0,  0,  0,  45,  0,  0,  6.52,  6.52,  10,  8.5,  0,  0,  0.2,  0,  0,  820,  0,  0,  0,  0,  10,  0,  0,  0,  0,  0,  0,  
45,  45,  1000,  18.5,  4.02,  40,  40,  0,  0,  0,  0,  0,  0,  45,  2.7,  60,  7.35,  6.88,  10,  6,  350,  0.2,  0.2,  0.2,  597.9,  801,  1004.1,  0,  0,  0,  100,  0,  0,  0,  0,  0,  0, 
45,  45,  1000,  18.5,  4.02,  40,  40,  0,  0,  0,  0,  0,  0,  45,  2.7,  60,  7.35,  6.88,  10,  6,  350,  0.2,  0.2,  0.2,  597.9,  801,  1004.1,  0,  0,  0,  100,  1,  0,  0,  0,  0,  0, 
45,  45,  1000,  18.5,  4.02,  40,  40,  0,  0,  0,  0,  0,  0,  45,  2.7,  60,  7.35,  6.88,  10,  6,  350,  0.2,  0.2,  0.2,  597.9,  801,  1004.1,  250,  0,  2,  100,  0,  0,  0,  0,  0,  0, 
45,  45,  1000,  18.5,  4.02,  40,  40,  0,  0,  0,  0,  0,  0,  45,  2.7,  60,  7.35,  6.88,  10,  6,  350,  0.2,  0.2,  0.2,  597.9,  801,  1004.1,  250,  0,  2,  100,  1,  0,  0,  0,  0,  0, 
45,  45,  1000,  18.5,  4.02,  40,  40,  2.5,  40,  5.88,  0,  0.2,  20,  10.5,  2.7,  60,  7.35,  6.88,  10,  6,  350,  0.2,  0.2,  0.2,  597.9,  801,  1004.1,  0,  0,  0,  100,  0,  0,  0,  0,  0,  0, 
45,  45,  1000,  18.5,  4.02,  40,  40,  2.5,  40,  5.88,  0,  0.2,  20,  10.5,  2.7,  60,  7.35,  6.88,  10,  6,  350,  0.2,  0.2,  0.2,  597.9,  801,  1004.1,  0,  0,  0,  100,  1,  0,  0,  0,  0,  0, 
45,  45,  1000,  18.5,  4.02,  40,  40,  2.5,  40,  5.88,  0,  0.2,  20,  10.5,  2.7,  60,  7.35,  6.88,  10,  6,  350,  0.2,  0.2,  0.2,  597.9,  801,  1004.1,  250,  0,  2,  100,  0,  0,  0,  0,  0,  0,
45,  45,  1000,  18.5,  4.02,  40,  40,  2.5,  40,  5.88,  0,  0.2,  20,  10.5,  2.7,  60,  7.35,  6.88,  10,  6,  350,  0.2,  0.2,  0.2,  597.9,  801,  1004.1, 250,  0,  2,  100,  1,  0,  0,  0,  0,  0,
45,  45,  1000,  18.5,  4.02,  40,  40,  2.5,  40,  5.88,  0,  0.2,  20,  10.5,  2.7,  60,  7.35,  6.88,  10,  6,  350,  0.2,  0.2,  0.2,  597.9,  801,  1004.1,  0,  0,  0,  100,  0,  0,  1,  0,  0,  0, 
45,  45,  1000,  18.5,  4.02,  40,  40,  2.5,  40,  5.88,  0,  0.2,  20,  10.5,  2.7,  60,  7.35,  6.88,  10,  6,  350,  0.2,  0.2,  0.2,  597.9,  801,  1004.1,  0,  0,  0,  100,  1,  0,  1,  0,  0,  0, 
45,  45,  1000,  18.5,  4.02,  40,  40,  2.5,  40,  5.88,  0,  0.2,  20,  10.5,  2.7,  60,  7.35,  6.88,  10,  6,  350,  0.2,  0.2,  0.2,  597.9,  801,  1004.1,  0,  0,  0,  100,  0,  0,  0,  1,  0,  0, 
45,  45,  1000,  18.5,  4.02,  40,  40,  2.5,  40,  5.88,  0,  0.2,  20,  10.5,  2.7,  60,  7.35,  6.88,  10,  6,  350,  0.2,  0.2,  0.2,  597.9,  801,  1004.1,  0,  0,  0,  100,  1,  0,  0,  1,  0,  0, 
45,  45,  1000,  18.5,  4.02,  40,  40,  2.5,  40,  5.88,  0,  0.2,  20,  10.5,  2.7,  60,  7.35,  6.88,  10,  6,  350,  0.2,  0.2,  0.2,  597.9,  801,  1004.1,  0,  0,  0,  100,  1,  1,  0,  0,  0,  0, 
45,  45,  1000,  18.5,  4.02,  40,  40,  2.5,  40,  5.88,  0,  0.2,  20,  10.5,  2.7,  60,  7.35,  6.88,  10,  6,  350,  0.2,  0,  0.1,  597.9,  0,  1200,  0,  0,  0,  100,  0,  0,  0,  0,  0,  0,
45,  45,  1000,  18.5,  4.02,  40,  40,  2.5,  40,  5.88,  0,  0.2,  20,  10.5,  2.7,  60,  7.35,  6.88,  10,  6,  350,  0.2,  0,  0,  597.9,  0,  0,  250,  0,  2,  100,  0,  0,  0,  0,  0,  0,
45,  45,  1000,  18.5,  4.02,  40,  40,  0,  0,  0,  0,  0,  0,  45,  0,  0,  6.88,  6.88,  0.5,  6,  0.5,  0,  0.2, 0,  597.9,  801,  1004.1,  0,  0,  0,  100,  0,  0,  0,  0,  0,  0, 