Experiment Log
Z:\Data\2023\08Aug23\30\2_1x3N2_theta_m0p5_pi_expansion_check\ TIMELINE

8/30/2023 1:11:52 PM

Experiment Program Used:
Z:\Data\2023\08Aug23\30\1_1x3N2_theta_m0p5_pi_density_check\anyons_ramp_v5p3.txt

Batch Length:  
3

==========================
lattice1_max ,  lattice2_max ,  pinning_hold_time ,  red_freq ,  round_dimple_voltage ,  anticonfine_dur_vert ,  anticonfine_dur_horz ,  quic_ramp_dur ,  quic_grad_level ,  walls2_volt ,  do_walls2_cal ,  walls_ramp_dur_cal ,  lattice2_ramp_dur ,  lattice2_low_depth ,  latticemod_amp_1 ,  latticemod_amp_2 ,  latticemod_amp_3 ,  mod_freq_Hz_1 ,  mod_freq_Hz_2 ,  mod_freq_Hz_3 ,  phase_pi_start ,  phase_pi_stop ,  phase_ramp_dur ,  lattice_mod_ramp_dur ,  quic_ramp_final_dur ,  quic_grad_final_level ,  hold_time_aux ,  tof_floquet ,  delay_shaking ,  walls_ramp_dur_tof ,  wall_bs_volt ,  mod_freq_Hz_tof_1 ,  mod_freq_Hz_tof_2 ,  mod_freq_Hz_tof_3 ,  phi_pi_tof ,  ramp_return ,  tof_dur ,  full_counting ,  do_berlin_wall ,  doublon_splitting ,  free_var ,  free_var_2 ,  
--------------------------
45,  45,  1000,  18,  4.02,  0,  0,  0,  0,  0,  0,  0,  45,  0,  0,  0,  0,  0,  0,  0,  0,  0,  0,  0,  0,  0,  0,  0,  0,  0,  0,  0,  0,  0,  0,  0,  0,  0,  0,  0,  0,  0, 
45,  45,  1000,  18.3,  3.95,  0,  40,  30,  6.52,  0,  0,  0,  10,  8.5,  0,  0.2,  0,  0,  820,  0,  0,  0,  0,  0,  0,  6.52,  10,  0,  0,  0,  0,  0,  0,  0,  0,  0,  0,  0,  0,  0,  0,  0,  
45,  45,  1000,  17.3,  4.2,  40,  40,  57,  7.35,  2.7,  0,  0,  10,  6,  0.2,  0.2,  0.2,  597.9,  801,  1004.1,  0,  0,  0,  0,  350,  60,  6.88,  100,  0,  0,  0,  0,  0,  0,  0,  0,  0,  0,  0,  0,  0,  0, 
45,  45,  1000,  17.3,  4.2,  40,  40,  57,  7.35,  2.7,  0,  0,  10,  6,  0.2,  0.2,  0.2,  597.9,  801,  1004.1,  0,  0,  0,  0,  350,  60,  6.88,  100,  0,  0,  0,  0,  0,  0,  0,  1,  0,  0,  0,  0,  0,  0, 
45,  45,  1000,  17.3,  4.2,  40,  40,  57,  7.35,  2.7,  0,  0,  10,  6,  0.2,  0.2,  0.2,  597.9,  801,  1004.1,  0,  0,  0,  0,  350,  60,  6.88,  0,  0,  0,  0,  0,  0,  0,  0,  0,  0,  0,  0,  0,  0,  0,  
45,  45,  1000,  17.3,  4.2,  40,  40,  57,  7.35,  2.7,  0,  0,  10,  6,  0.2,  0.2,  0.2,  597.9,  801,  1004.1,  0,  0,  0,  0,  350,  60,  6.88,  0,  0,  0,  0,  0,  0,  0,  0,  1,  0,  0,  0,  0,  0,  0,  
45,  45,  1000,  17.3,  4.2,  40,  40,  57,  7.35,  2.7,  0,  0,  10,  6,  0.2,  0.2,  0.2,  597.9,  801,  1004.1,  0,  0,  2,  500,  350,  60,  6.88,  0,  0,  0,  0,  0,  0,  0,  0,  0,  0,  0,  0,  0,  0,  0,  
45,  45,  1000,  17.3,  4.2,  40,  40,  57,  7.35,  2.7,  0,  0,  10,  6,  0.2,  0.2,  0.2,  597.9,  801,  1004.1,  0,  0,  2,  500,  350,  60,  6.88,  0,  0,  0,  0,  0,  0,  0,  0,  1,  0,  0,  0,  0,  0,  0,  
45,  45,  1000,  17.3,  4.2,  40,  40,  57,  7.35,  2.7,  0,  0,  10,  6,  0.2,  0.2,  0.2,  597.9,  801,  1004.1,  0,  0,  0,  0,  350,  60,  6.88,  0,  0,  0,  0,  0,  0,  0,  0,  0,  0,  1,  1,  0,  0,  0,  
45,  45,  1000,  17.3,  4.2,  40,  40,  57,  7.35,  2.7,  0,  0,  10,  6,  0.2,  0.2,  0.2,  597.9,  801,  1004.1,  0,  0,  0,  0,  350,  60,  6.88,  0,  0,  0,  0,  0,  0,  0,  0,  1,  0,  1,  1,  0,  0,  0,  
45,  45,  1000,  18.5,  4.02,  0,  40,  57,  8.5,  2.7,  0,  0,  10,  4,  0,  0,  0,  0,  0,  0,  0,  0,  0,  0,  0,  6.88,  0,  0,  0,  0,  0,  0,  0,  0,  0,  0,  0,  0,  0,  0,  0,  0, 
45,  45,  1000,  17.2,  4.2,  0,  40,  57,  6.88,  2.7,  1,  300,  10,  12,  0,  0,  0,  0,  0,  0,  0,  0,  0,  0,  0,  6.88,  0,  0,  0,  0,  0,  0,  0,  0,  0,  0,  0,  0,  0,  0,  0,  0, 